0.0 0.0 1.0
0.0 0.0 1.0
0.0 0.0 1.0
0.0 0.0 1.0
0.0 0.0 1.0
0.0 0.0 1.0
0.0 0.0 1.0
0.0 0.0 1.0
0.0 0.0 1.0
0.0 0.0 1.0
0.0 0.0 1.0
0.0 0.0 1.0
0.0 0.0 1.0
0.0 0.0 1.0
0.0 0.0 1.0
0.0 0.0 1.0
0.0 0.0 1.0
0.0 0.0 1.0
0.0 0.0 1.0
0.0 0.0 1.0
0.0 0.0 1.0
0.0 0.0 1.0
0.0 0.0 1.0
0.0 0.0 1.0
0.0 0.0 1.0
0.0 0.0 1.0
0.0 0.0 1.0
0.0 0.0 1.0
0.0 0.0 1.0
0.0 0.0 1.0
0.0 0.0 1.0
0.0 0.0 1.0
0.0 0.0 1.0
0.0 0.0 1.0
0.0 0.0 1.0
0.0 0.0 1.0
0.0 0.0 1.0
0.0 0.0 1.0
0.0 0.0 1.0
0.0 0.0 1.0
0.0 0.0 1.0
0.0 0.0 1.0
0.0 0.0 1.0
0.0 0.0 1.0
0.0 0.0 1.0
0.0 0.0 1.0
0.0 0.0 1.0
0.0 0.0 1.0
0.0 0.0 1.0
0.0 0.0 1.0
0.0 0.0 1.0
0.0 0.012198732669463933 0.9878012673305361
1.0 0.0 0.0
1.0 0.0 0.0
1.0 0.0 0.0
1.0 0.0 0.0
1.0 0.0 0.0
1.0 0.0 0.0
1.0 0.0 0.0
1.0 0.0 0.0
1.0 0.0 0.0
1.0 0.0 0.0
1.0 0.0 0.0
1.0 0.0 0.0
1.0 0.0 0.0
1.0 0.0 0.0
1.0 0.0 0.0
1.0 0.0 0.0
1.0 0.0 0.0
1.0 0.0 0.0
1.0 0.0 0.0
1.0 0.0 0.0
1.0 0.0 0.0
1.0 0.0 0.0
1.0 0.0 0.0
1.0 0.0 0.0
1.0 0.0 0.0
1.0 0.0 0.0
1.0 0.0 0.0
1.0 0.0 0.0
1.0 0.0 0.0
1.0 0.0 0.0
1.0 0.0 0.0
1.0 0.0 0.0
0.5905459053113582 0.4094540946886418 0.0
0.5300898445443194 0.46991015545568066 0.0
0.4926035028739365 0.5073964971260635 0.0
0.464230588570229 0.5357694114297711 0.0
0.4376866165997604 0.5623133834002396 0.0
0.4156780856621652 0.5843219143378349 0.0
0.3887567236744015 0.6112432763255986 0.0
0.3640555172986575 0.6359444827013425 0.0
0.3441328742810174 0.6558671257189825 0.0
0.320643232300057 0.679356767699943 0.0
0.29824178738900536 0.7017582126109947 0.0
0.27759505655893496 0.7224049434410651 0.0
0.2581480594193224 0.7418519405806776 0.0
0.23864752334971168 0.7613524766502884 0.0
0.21987514135369388 0.7801248586463061 0.0
0.2005400401718153 0.7994599598281847 0.0
0.18201515274452157 0.8179848472554785 0.0
0.1697771224543228 0.8302228775456773 0.0
0.14559094781417112 0.8544090521858289 0.0
0.13130321758234703 0.8686967824176528 0.0
0.11773029078637373 0.8822697092136262 0.0
0.10079966810511025 0.8992003318948897 0.0
0.08936825942186095 0.910631740578139 0.0
0.07289855737306669 0.9271014426269334 0.0
0.060846231830717565 0.9391537681692824 0.0
0.047934661190358635 0.9520653388096414 0.0
0.03429994117237863 0.9657000588276214 0.0
0.0247112710464759 0.9752887289535241 0.0
0.01023549329367649 0.9844493131712818 0.005315193535041618
0.0022293832550127762 0.9959068326473426 0.0018637840976446496
0.0 0.9575749033944441 0.04242509660555585
0.0 0.9230384528913077 0.07696154710869232
0.0 0.8820006357874441 0.11799936421255591
0.0 0.8464187153245788 0.1535812846754213
0.0016266764342132319 0.7974359951147776 0.2009373284510092
0.0 0.7709412762006917 0.22905872379930828
0.0 0.7297553777998362 0.27024462220016376
0.0 0.7070789787334166 0.2929210212665834
0.0 0.6763052712602358 0.3236947287397643
0.0 0.6491144773094534 0.3508855226905466
0.0 0.6155280836894383 0.38447191631056166
0.0 0.5920493973895917 0.40795060261040816
0.0 0.5920364612304015 0.40796353876959845
0.0 0.5259797165862932 0.47402028341370683
0.0 0.49009900330534995 0.50990099669465
0.0 0.5074072658610308 0.4925927341389692
0.0 0.47645111254882716 0.5235488874511729
0.0 0.4481737182506403 0.5518262817493598
0.0 0.44237375210087937 0.5576262478991206
0.0 0.40561185639920194 0.5943881436007981
0.0 0.3899001586167263 0.6100998413832737
0.0 0.36974762544258943 0.6302523745574106
0.0 0.3743233165832903 0.6256766834167097
0.0 0.3273469975592713 0.6726530024407287
0.0 0.3238728961834648 0.6761271038165352
0.0 0.32495509935070716 0.6750449006492929
0.0 0.2757611633388625 0.7242388366611376
0.0 0.30042770305448513 0.6995722969455149
0.0 0.3082231856667861 0.6917768143332139
0.0 0.2367755941171649 0.7632244058828351
0.0 0.26901104159825584 0.7309889584017442
0.0 0.2294741564077858 0.7705258435922142
0.0 0.2113019660311367 0.7886980339688634
0.0 0.2201550079781448 0.7798449920218552
0.0 0.19422083424734377 0.8057791657526563
0.0 0.1941571764515087 0.8058428235484912
0.0 0.20839979399628786 0.7916002060037122
0.0 0.19799308788258463 0.8020069121174154
0.0 0.16592225249153092 0.8340777475084691
0.0 0.15061478570420495 0.8493852142957949
0.0 0.1600285122486523 0.8399714877513478
0.0 0.14334992872593239 0.8566500712740677
0.0 0.14840849371232254 0.8515915062876774
0.0 0.1375716461315279 0.862428353868472
0.0 0.1263968775479993 0.8736031224520007
0.0 0.13771728266073385 0.8622827173392662
0.0 0.11584722924825194 0.884152770751748
0.0 0.10879462789076849 0.8912053721092315
0.0 0.1050150394414822 0.8949849605585177
0.0 0.10363440330946684 0.8963655966905331
0.0 0.10204592812884145 0.8979540718711586
0.0 0.09190225622108543 0.9080977437789146
0.0 0.0885120440722433 0.9114879559277567
0.0 0.09101135926166279 0.9089886407383372
0.0 0.08499647656499737 0.9150035234350027
0.0 0.07279873560841649 0.9272012643915835
0.0 0.058242909647055446 0.9417570903529445
0.0 0.09448294584922286 0.9055170541507771
0.0 0.049688914132845166 0.9503110858671548
0.0 0.09262330566544957 0.9073766943345504
0.0 0.048937885270701524 0.9510621147292984
0.0 0.06371394194667504 0.936286058053325
0.0 0.054939630324795936 0.9450603696752041
0.0 0.05030253279211257 0.9496974672078875
0.0 0.06386384628990108 0.936136153710099
0.0 0.04198776631351626 0.9580122336864838
0.0 0.04715471792564074 0.9528452820743593
0.0 0.04339873187276337 0.9566012681272366
0.0 0.04504963440427815 0.9549503655957219
0.0 0.036843805850679874 0.9631561941493201
0.0 0.04456432959625414 0.9554356704037459
0.0 0.04487628311196352 0.9551237168880365
0.0 0.02545594537205444 0.9745440546279455
0.0 0.03890317123775127 0.9610968287622488
0.0 0.041958444752221574 0.9580415552477785
0.0 0.02405585750600287 0.9759441424939972
0.0 0.029189726363394487 0.9708102736366055
0.0 0.05286614179552303 0.9471338582044769
0.0 0.033346357768243726 0.9666536422317562
0.0 0.03004525525728824 0.9699547447427118
0.0 0.03068561597904782 0.9693143840209522
0.0 0.021231579796805594 0.9787684202031944
0.0 0.01950094358280629 0.9804990564171937
0.0 0.015126307282932636 0.9848736927170674
0.0 0.007494521633787058 0.992505478366213
0.0 0.0020568277915013113 0.9979431722084987
0.0 0.0052059163524950155 0.9947940836475049
0.0 0.013635240749144507 0.9863647592508555
0.0 0.02265196906057517 0.9773480309394249
0.0 0.031198571072317834 0.9688014289276822
0.0 0.035928810871357915 0.9640711891286421
0.0 0.03270322213552683 0.9672967778644732
0.0 0.031230180773783055 0.968769819226217
0.0 0.026743642740173615 0.9732563572598264
0.0 0.004226231964380383 0.9957737680356196
0.0 0.0009909792150375933 0.9990090207849625
0.0 0.0035226605772433533 0.9964773394227566
0.0 0.007797568200689363 0.9922024317993106
0.0 0.007133041895970684 0.9928669581040293
0.0 0.02644244076982085 0.9735575592301792
0.0 0.03412674875724755 0.9658732512427525
0.0 0.019232747125449718 0.9807672528745502
0.0 0.017643455335285156 0.9823565446647149
0.0 0.012895218122085998 0.987104781877914
0.0 0.011350385422863634 0.9886496145771363
0.0 0.011308353438257299 0.9886916465617427
0.0 0.006106817476015901 0.9938931825239841
0.0 0.0021710984063781323 0.9978289015936218
0.0 0.00014267449826795448 0.999857325501732
0.0 0.00010412400036878066 0.9998958759996313
0.0 0.0 1.0
0.0 0.0 1.0
0.0 0.0 1.0
0.0 0.0 1.0
0.0 0.0 1.0
0.0 0.0 1.0
0.0 0.0 1.0
0.0 0.0 1.0
0.0 0.0 1.0
0.0 0.0 1.0
0.0 0.0 1.0
0.0 0.0 1.0
0.0 0.0 1.0
0.0 0.0 1.0
0.0 0.0 1.0
0.0 0.0 1.0
0.0 0.0 1.0
0.0 0.0 1.0
0.0 0.0 1.0
0.0 0.0 1.0
0.0 0.0 1.0
0.0 0.0 1.0
0.0 0.0 1.0
0.0 0.0 1.0
0.0 0.0 1.0
0.0 0.0 1.0
0.0 0.0 1.0
0.0 0.0 1.0
0.0 0.0 1.0
0.0 0.0 1.0
0.3160747554776337 0.1839252445223663 0.5
0.8778203202064703 0.12217967979352973 0.0
