0.0000000000000000E+00
0.0000000000000000E+00
0.0000000000000000E+00
0.0000000000000000E+00
0.0000000000000000E+00
0.0000000000000000E+00
0.0000000000000000E+00
0.0000000000000000E+00
0.0000000000000000E+00
0.0000000000000000E+00
0.0000000000000000E+00
0.0000000000000000E+00
0.0000000000000000E+00
0.0000000000000000E+00
0.0000000000000000E+00
0.0000000000000000E+00
0.0000000000000000E+00
0.0000000000000000E+00
0.0000000000000000E+00
0.0000000000000000E+00
0.0000000000000000E+00
0.0000000000000000E+00
0.0000000000000000E+00
0.0000000000000000E+00
0.0000000000000000E+00
0.0000000000000000E+00
0.0000000000000000E+00
0.0000000000000000E+00
0.0000000000000000E+00
0.0000000000000000E+00
0.0000000000000000E+00
0.0000000000000000E+00
0.0000000000000000E+00
0.0000000000000000E+00
0.0000000000000000E+00
0.0000000000000000E+00
0.0000000000000000E+00
0.0000000000000000E+00
0.0000000000000000E+00
0.0000000000000000E+00
0.0000000000000000E+00
0.0000000000000000E+00
0.0000000000000000E+00
0.0000000000000000E+00
0.0000000000000000E+00
0.0000000000000000E+00
0.0000000000000000E+00
0.0000000000000000E+00
0.0000000000000000E+00
0.0000000000000000E+00
0.0000000000000000E+00
0.0000000000000000E+00
0.0000000000000000E+00
0.0000000000000000E+00
0.0000000000000000E+00
0.0000000000000000E+00
0.0000000000000000E+00
0.0000000000000000E+00
0.0000000000000000E+00
0.0000000000000000E+00
0.0000000000000000E+00
0.0000000000000000E+00
0.0000000000000000E+00
0.0000000000000000E+00
0.0000000000000000E+00
0.0000000000000000E+00
0.0000000000000000E+00
0.0000000000000000E+00
0.0000000000000000E+00
0.0000000000000000E+00
0.0000000000000000E+00
0.0000000000000000E+00
0.0000000000000000E+00
0.0000000000000000E+00
0.0000000000000000E+00
0.0000000000000000E+00
0.0000000000000000E+00
0.0000000000000000E+00
0.0000000000000000E+00
0.0000000000000000E+00
0.0000000000000000E+00
0.0000000000000000E+00
0.0000000000000000E+00
0.0000000000000000E+00
0.0000000000000000E+00
0.0000000000000000E+00
0.0000000000000000E+00
0.0000000000000000E+00
0.0000000000000000E+00
0.0000000000000000E+00
0.0000000000000000E+00
0.0000000000000000E+00
0.0000000000000000E+00
0.0000000000000000E+00
0.0000000000000000E+00
0.0000000000000000E+00
0.0000000000000000E+00
0.0000000000000000E+00
0.0000000000000000E+00
0.0000000000000000E+00
0.0000000000000000E+00
0.0000000000000000E+00
0.0000000000000000E+00
0.0000000000000000E+00
4.6323110056776412E-01
1.0000000000000000E+00
1.0000000000000000E+00
1.0000000000000000E+00
1.0000000000000000E+00
1.0000000000000000E+00
1.0000000000000000E+00
1.0000000000000000E+00
1.0000000000000000E+00
1.0000000000000000E+00
1.0000000000000000E+00
1.0000000000000000E+00
1.0000000000000000E+00
1.0000000000000000E+00
1.0000000000000000E+00
1.0000000000000000E+00
1.0000000000000000E+00
1.0000000000000000E+00
1.0000000000000000E+00
1.0000000000000000E+00
1.0000000000000000E+00
1.0000000000000000E+00
1.0000000000000000E+00
1.0000000000000000E+00
1.0000000000000000E+00
1.0000000000000000E+00
1.0000000000000000E+00
1.0000000000000000E+00
1.0000000000000000E+00
1.0000000000000000E+00
1.0000000000000000E+00
1.0000000000000000E+00
1.0000000000000000E+00
1.0000000000000000E+00
1.0000000000000000E+00
1.0000000000000000E+00
1.0000000000000000E+00
1.0000000000000000E+00
1.0000000000000000E+00
1.0000000000000000E+00
1.0000000000000000E+00
1.0000000000000000E+00
1.0000000000000000E+00
1.0000000000000000E+00
1.0000000000000000E+00
1.0000000000000000E+00
1.0000000000000000E+00
1.0000000000000000E+00
1.0000000000000000E+00
1.0000000000000000E+00
1.0000000000000000E+00
1.0000000000000000E+00
1.0000000000000000E+00
1.0000000000000000E+00
1.0000000000000000E+00
1.0000000000000000E+00
1.0000000000000000E+00
1.0000000000000000E+00
1.0000000000000000E+00
1.0000000000000000E+00
1.0000000000000000E+00
1.0000000000000000E+00
8.6385002071288697E-01
8.0831161975597920E-01
7.5807881455956716E-01
7.0256797845057983E-01
6.0908158659174783E-01
5.2106715014428229E-01
5.6687615881701559E-01
5.6762647815323264E-01
5.6268490367440482E-01
5.5959751650075407E-01
5.5482180828784611E-01
5.4541883028913696E-01
5.3220636407606836E-01
5.1774475751014903E-01
5.0312955885826482E-01
4.8944391475968557E-01
4.7718955563604826E-01
4.6671683035918782E-01
4.5959490696110195E-01
4.5631258468974129E-01
4.5499494475088659E-01
4.5099302472755143E-01
4.3902657158312403E-01
4.2556810134619011E-01
4.1533645392116353E-01
4.0539402886780496E-01
3.9370579705889158E-01
3.8420785878465030E-01
3.7664427206835976E-01
3.7155198449681820E-01
3.6595121420548932E-01
3.6092983777716847E-01
3.5245339281430332E-01
3.4281755810804454E-01
3.3356070679727623E-01
3.2645362558929303E-01
3.1750829180765572E-01
3.0925909285166109E-01
3.0022698941761816E-01
2.9688816627716363E-01
3.0159586190004983E-01
2.9297243768273012E-01
2.7741485590390980E-01
2.7455748281278319E-01
2.6797830893989033E-01
2.6378354468085280E-01
2.5559127925248076E-01
2.4976259412527760E-01
2.4149719543105344E-01
2.3762385220452215E-01
2.3258108640386063E-01
2.2763433067339478E-01
2.2265848707371735E-01
2.1779277012415574E-01
2.1292828045483156E-01
2.0825352509643275E-01
2.0366278394641146E-01
1.9920372127250002E-01
1.9482580502192703E-01
1.9052359783089690E-01
1.8628616477946344E-01
1.8209041493562866E-01
1.7790953001254922E-01
1.7374469768863335E-01
1.6955851990210744E-01
1.6537557669586023E-01
1.6116102303300209E-01
1.5693269054448275E-01
1.5268839100594472E-01
1.4844307938190673E-01
1.4418364230707695E-01
1.3995470088056092E-01
1.3577965560530811E-01
1.3166426634567421E-01
1.2769645641248217E-01
1.2402487485735061E-01
1.2078637704894531E-01
1.1806601998763844E-01
1.1678620309597737E-01
1.1545261949599887E-01
1.1641697311908904E-01
1.1719148015991032E-01
1.1259213219251799E-01
1.0189835143080905E-01
1.0524808633243414E-01
8.9957969533687107E-02
9.5032198372190305E-02
9.2850622446297049E-02
8.3180195708155769E-02
9.4723864028562227E-02
8.5239261246731368E-02
9.4057108422344951E-02
8.3804949950288352E-02
9.9090874102598758E-02
8.7412723429040121E-02
8.7948743384650321E-02
8.0095975187731885E-02
7.0702367898829291E-02
6.4931124260241960E-02
6.1139223141277843E-02
5.8456400616373944E-02
5.6689410597075406E-02
5.5812748492585440E-02
5.5566911469865789E-02
5.5862083246018643E-02
5.6640760096264446E-02
5.6770308909045997E-02
5.6027715700379760E-02
5.5309853092910893E-02
5.4605894728703398E-02
5.3723646742824531E-02
5.2725324424817720E-02
5.1407269020710154E-02
4.9800018570583235E-02
4.7900971196376776E-02
4.5723851899724083E-02
4.3349699140346018E-02
4.1147522120755467E-02
3.9256229194617735E-02
3.7914131650509844E-02
3.7614814745700387E-02
3.7519207408665163E-02
3.8742828113317300E-02
3.7577822197463237E-02
3.8717636612495707E-02
3.9223910490671005E-02
4.0836691529909375E-02
3.9612697442827693E-02
3.9356869703195144E-02
3.7682313845087315E-02
3.2666178868935088E-02
3.0964670302053805E-02
3.1106860183184284E-02
2.9691762836613192E-02
2.5802409193315719E-02
2.9075723752222171E-02
2.4782051625037913E-02
3.1349634903122828E-02
2.9727527135944773E-02
3.5901181990086059E-02
2.2255351962614290E-02
2.4327982208664778E-02
2.0587128470142307E-02
1.2495497993610744E-02
1.1791700407084733E-02
0.0000000000000000E+00
0.0000000000000000E+00
0.0000000000000000E+00
0.0000000000000000E+00
0.0000000000000000E+00
0.0000000000000000E+00
0.0000000000000000E+00
0.0000000000000000E+00
0.0000000000000000E+00
0.0000000000000000E+00
0.0000000000000000E+00
0.0000000000000000E+00
0.0000000000000000E+00
0.0000000000000000E+00
0.0000000000000000E+00
0.0000000000000000E+00
0.0000000000000000E+00
0.0000000000000000E+00
0.0000000000000000E+00
0.0000000000000000E+00
0.0000000000000000E+00
0.0000000000000000E+00
0.0000000000000000E+00
0.0000000000000000E+00
0.0000000000000000E+00
0.0000000000000000E+00
0.0000000000000000E+00
0.0000000000000000E+00
0.0000000000000000E+00
0.0000000000000000E+00
0.0000000000000000E+00
0.0000000000000000E+00
0.0000000000000000E+00
0.0000000000000000E+00
0.0000000000000000E+00
0.0000000000000000E+00
0.0000000000000000E+00
0.0000000000000000E+00
0.0000000000000000E+00
0.0000000000000000E+00
0.0000000000000000E+00
0.0000000000000000E+00
0.0000000000000000E+00
0.0000000000000000E+00
0.0000000000000000E+00
0.0000000000000000E+00
0.0000000000000000E+00
0.0000000000000000E+00
0.0000000000000000E+00
0.0000000000000000E+00
0.0000000000000000E+00
0.0000000000000000E+00
0.0000000000000000E+00
0.0000000000000000E+00
0.0000000000000000E+00
0.0000000000000000E+00
0.0000000000000000E+00
0.0000000000000000E+00
0.0000000000000000E+00
0.0000000000000000E+00
0.0000000000000000E+00
0.0000000000000000E+00
0.0000000000000000E+00
0.0000000000000000E+00
0.0000000000000000E+00
0.0000000000000000E+00
0.0000000000000000E+00
0.0000000000000000E+00
0.0000000000000000E+00
0.0000000000000000E+00
0.0000000000000000E+00
0.0000000000000000E+00
0.0000000000000000E+00
0.0000000000000000E+00
0.0000000000000000E+00
0.0000000000000000E+00
0.0000000000000000E+00
0.0000000000000000E+00
0.0000000000000000E+00
0.0000000000000000E+00
0.0000000000000000E+00
0.0000000000000000E+00
0.0000000000000000E+00
0.0000000000000000E+00
0.0000000000000000E+00
0.0000000000000000E+00
0.0000000000000000E+00
0.0000000000000000E+00
0.0000000000000000E+00
0.0000000000000000E+00
0.0000000000000000E+00
0.0000000000000000E+00
0.0000000000000000E+00
0.0000000000000000E+00
0.0000000000000000E+00
0.0000000000000000E+00
0.0000000000000000E+00
0.0000000000000000E+00
0.0000000000000000E+00
0.0000000000000000E+00
0.0000000000000000E+00
0.0000000000000000E+00
0.0000000000000000E+00
0.0000000000000000E+00
0.0000000000000000E+00
0.0000000000000000E+00
0.0000000000000000E+00
0.0000000000000000E+00
0.0000000000000000E+00
0.0000000000000000E+00
0.0000000000000000E+00
0.0000000000000000E+00
0.0000000000000000E+00
0.0000000000000000E+00
0.0000000000000000E+00
0.0000000000000000E+00
0.0000000000000000E+00
0.0000000000000000E+00
0.0000000000000000E+00
0.0000000000000000E+00
0.0000000000000000E+00
0.0000000000000000E+00
0.0000000000000000E+00
0.0000000000000000E+00
0.0000000000000000E+00
0.0000000000000000E+00
0.0000000000000000E+00
0.0000000000000000E+00
0.0000000000000000E+00
0.0000000000000000E+00
0.0000000000000000E+00
0.0000000000000000E+00
0.0000000000000000E+00
0.0000000000000000E+00
0.0000000000000000E+00
0.0000000000000000E+00
0.0000000000000000E+00
0.0000000000000000E+00
0.0000000000000000E+00
0.0000000000000000E+00
0.0000000000000000E+00
0.0000000000000000E+00
0.0000000000000000E+00
0.0000000000000000E+00
0.0000000000000000E+00
0.0000000000000000E+00
0.0000000000000000E+00
0.0000000000000000E+00
0.0000000000000000E+00
0.0000000000000000E+00
0.0000000000000000E+00
0.0000000000000000E+00
0.0000000000000000E+00
0.0000000000000000E+00
0.0000000000000000E+00
0.0000000000000000E+00
0.0000000000000000E+00
0.0000000000000000E+00
0.0000000000000000E+00
0.0000000000000000E+00
0.0000000000000000E+00
0.0000000000000000E+00
0.0000000000000000E+00
0.0000000000000000E+00
0.0000000000000000E+00
0.0000000000000000E+00
0.0000000000000000E+00
0.0000000000000000E+00
0.0000000000000000E+00
0.0000000000000000E+00
0.0000000000000000E+00
0.0000000000000000E+00
0.0000000000000000E+00
0.0000000000000000E+00
0.0000000000000000E+00
0.0000000000000000E+00
0.0000000000000000E+00
0.0000000000000000E+00
0.0000000000000000E+00
0.0000000000000000E+00
0.0000000000000000E+00
0.0000000000000000E+00
0.0000000000000000E+00
0.0000000000000000E+00
0.0000000000000000E+00
0.0000000000000000E+00
0.0000000000000000E+00
0.0000000000000000E+00
0.0000000000000000E+00
0.0000000000000000E+00
0.0000000000000000E+00
0.0000000000000000E+00
0.0000000000000000E+00
0.0000000000000000E+00
0.0000000000000000E+00
0.0000000000000000E+00
0.0000000000000000E+00
0.0000000000000000E+00
0.0000000000000000E+00
0.0000000000000000E+00
0.0000000000000000E+00
