0.0000000000000000E+00
0.0000000000000000E+00
0.0000000000000000E+00
0.0000000000000000E+00
0.0000000000000000E+00
0.0000000000000000E+00
0.0000000000000000E+00
0.0000000000000000E+00
0.0000000000000000E+00
0.0000000000000000E+00
0.0000000000000000E+00
0.0000000000000000E+00
0.0000000000000000E+00
0.0000000000000000E+00
0.0000000000000000E+00
0.0000000000000000E+00
0.0000000000000000E+00
0.0000000000000000E+00
0.0000000000000000E+00
0.0000000000000000E+00
0.0000000000000000E+00
0.0000000000000000E+00
0.0000000000000000E+00
0.0000000000000000E+00
0.0000000000000000E+00
0.0000000000000000E+00
0.0000000000000000E+00
0.0000000000000000E+00
0.0000000000000000E+00
0.0000000000000000E+00
0.0000000000000000E+00
0.0000000000000000E+00
0.0000000000000000E+00
0.0000000000000000E+00
0.0000000000000000E+00
0.0000000000000000E+00
0.0000000000000000E+00
0.0000000000000000E+00
0.0000000000000000E+00
0.0000000000000000E+00
0.0000000000000000E+00
0.0000000000000000E+00
0.0000000000000000E+00
0.0000000000000000E+00
0.0000000000000000E+00
0.0000000000000000E+00
0.0000000000000000E+00
0.0000000000000000E+00
0.0000000000000000E+00
0.0000000000000000E+00
0.0000000000000000E+00
0.0000000000000000E+00
0.0000000000000000E+00
0.0000000000000000E+00
0.0000000000000000E+00
0.0000000000000000E+00
0.0000000000000000E+00
0.0000000000000000E+00
0.0000000000000000E+00
0.0000000000000000E+00
0.0000000000000000E+00
0.0000000000000000E+00
0.0000000000000000E+00
0.0000000000000000E+00
0.0000000000000000E+00
0.0000000000000000E+00
0.0000000000000000E+00
0.0000000000000000E+00
0.0000000000000000E+00
0.0000000000000000E+00
0.0000000000000000E+00
0.0000000000000000E+00
0.0000000000000000E+00
0.0000000000000000E+00
0.0000000000000000E+00
0.0000000000000000E+00
0.0000000000000000E+00
0.0000000000000000E+00
0.0000000000000000E+00
0.0000000000000000E+00
0.0000000000000000E+00
0.0000000000000000E+00
0.0000000000000000E+00
0.0000000000000000E+00
0.0000000000000000E+00
0.0000000000000000E+00
0.0000000000000000E+00
0.0000000000000000E+00
0.0000000000000000E+00
0.0000000000000000E+00
0.0000000000000000E+00
0.0000000000000000E+00
0.0000000000000000E+00
0.0000000000000000E+00
0.0000000000000000E+00
0.0000000000000000E+00
0.0000000000000000E+00
0.0000000000000000E+00
0.0000000000000000E+00
0.0000000000000000E+00
0.0000000000000000E+00
0.0000000000000000E+00
0.0000000000000000E+00
0.0000000000000000E+00
1.0000000000000000E+00
1.0000000000000000E+00
1.0000000000000000E+00
1.0000000000000000E+00
1.0000000000000000E+00
1.0000000000000000E+00
1.0000000000000000E+00
1.0000000000000000E+00
1.0000000000000000E+00
1.0000000000000000E+00
1.0000000000000000E+00
1.0000000000000000E+00
1.0000000000000000E+00
1.0000000000000000E+00
1.0000000000000000E+00
1.0000000000000000E+00
1.0000000000000000E+00
1.0000000000000000E+00
1.0000000000000000E+00
1.0000000000000000E+00
1.0000000000000000E+00
1.0000000000000000E+00
1.0000000000000000E+00
1.0000000000000000E+00
1.0000000000000000E+00
1.0000000000000000E+00
1.0000000000000000E+00
1.0000000000000000E+00
1.0000000000000000E+00
1.0000000000000000E+00
1.0000000000000000E+00
1.0000000000000000E+00
1.0000000000000000E+00
1.0000000000000000E+00
1.0000000000000000E+00
1.0000000000000000E+00
1.0000000000000000E+00
1.0000000000000000E+00
1.0000000000000000E+00
1.0000000000000000E+00
1.0000000000000000E+00
1.0000000000000000E+00
1.0000000000000000E+00
1.0000000000000000E+00
1.0000000000000000E+00
1.0000000000000000E+00
1.0000000000000000E+00
1.0000000000000000E+00
1.0000000000000000E+00
1.0000000000000000E+00
1.0000000000000000E+00
1.0000000000000000E+00
1.0000000000000000E+00
1.0000000000000000E+00
1.0000000000000000E+00
1.0000000000000000E+00
1.0000000000000000E+00
1.0000000000000000E+00
1.0000000000000000E+00
1.0000000000000000E+00
1.0000000000000000E+00
1.0000000000000000E+00
1.0000000000000000E+00
1.0000000000000000E+00
7.7377507335447238E-01
5.8812821983582253E-01
6.3638191420771106E-01
6.0043464581091155E-01
6.0671467343491681E-01
5.7500645763801406E-01
5.8542956708197047E-01
5.5974229112224216E-01
5.5777853422956414E-01
5.4327020342387422E-01
5.3769251422252273E-01
5.2528483279866833E-01
5.1767805847594872E-01
5.0592148471111553E-01
4.9515625934902235E-01
4.8869540008124940E-01
4.7857815782661600E-01
4.7109202982305143E-01
4.6107776708906956E-01
4.5151856604366913E-01
4.4286792692307503E-01
4.3454846475756809E-01
4.2504907274566306E-01
4.2051614498708906E-01
4.0750765934549810E-01
4.0324765615540692E-01
3.9625021059067761E-01
3.8387997115377570E-01
3.7936785215142660E-01
3.7160033416326660E-01
3.6310689069061114E-01
3.5692330234672220E-01
3.4963009998056016E-01
3.4308150713466312E-01
3.3552949067149618E-01
3.2843479153536714E-01
3.2132169491770957E-01
3.1505974813610516E-01
3.1139896486594854E-01
3.0197675283381153E-01
2.9771751224321075E-01
2.8973995574645084E-01
2.8504538382796984E-01
2.7796676714255275E-01
2.7219543581598293E-01
2.6891799186425897E-01
2.6097157122599524E-01
2.5518691176424929E-01
2.5656661290553529E-01
2.3487744395056895E-01
2.4693024569331137E-01
2.3600222130939927E-01
2.3554667507660584E-01
2.2410971427394707E-01
2.1155983688841340E-01
2.1963648935749752E-01
2.1438856956244867E-01
2.0812894626742012E-01
2.0201385633672769E-01
1.9619865949786677E-01
1.9089302705980479E-01
1.9329055819341565E-01
1.8500832154700073E-01
1.8382902216594624E-01
1.7509919305012223E-01
1.7790859527307651E-01
1.6710722797421615E-01
1.6809681283694283E-01
1.6301740332153503E-01
1.5675710278566302E-01
1.5836621874752219E-01
1.5013158828779014E-01
1.5210053708372598E-01
1.4388533246685775E-01
1.4302855943505299E-01
1.4037157130820577E-01
1.3555506252260013E-01
1.3299615225706057E-01
1.3108022548285059E-01
1.2794768757872987E-01
1.2555107170576826E-01
1.2182277471338106E-01
1.1968438816087566E-01
1.1732612358462642E-01
1.1392191901413266E-01
1.1180057015235895E-01
1.0832507464575815E-01
1.0661820684034012E-01
1.0503746768729694E-01
1.0410811160934803E-01
9.8226803754837305E-02
9.8070386463225287E-02
9.4270583723569876E-02
9.3852391389354806E-02
8.9601795243081886E-02
9.1908148272479520E-02
8.4932873571184231E-02
8.6898682325976320E-02
8.1937020585718820E-02
7.8543969718389312E-02
8.4357183867081270E-02
7.5323522177218064E-02
7.9166622825685831E-02
7.2551603469739601E-02
7.1259933769137654E-02
7.3388357655086250E-02
6.8723049557632837E-02
6.6360466530500387E-02
6.7797173866810709E-02
6.3712856163724518E-02
6.2189015362240994E-02
6.1029149714880132E-02
6.4379005011027529E-02
5.7275123927604137E-02
5.5806676504319815E-02
5.7291295216132458E-02
5.8479992212309415E-02
5.6378443721268143E-02
4.9518711326533203E-02
5.2866565134419438E-02
4.4097607019953147E-02
5.5551887405591777E-02
4.4859990536433615E-02
4.7974405334325176E-02
4.6164117989775058E-02
4.4411816212372855E-02
4.5079289984806557E-02
4.1944095884262761E-02
4.1879326789385926E-02
4.2011855120530350E-02
3.9487423490409908E-02
3.9233142708989713E-02
3.6489640235008808E-02
3.9890602870593976E-02
3.5747180607158667E-02
3.4286352344440503E-02
3.4759510711637326E-02
3.4463730038587284E-02
3.4799913558568027E-02
3.0765063348499877E-02
3.6721904226289376E-02
2.3133155370296921E-02
3.8209008910353649E-02
2.8539186949577942E-02
2.4120418949072017E-02
2.9426584319565147E-02
2.9158021710834991E-02
2.7228429552037879E-02
2.6362235930954402E-02
2.4635394127034142E-02
2.5067824816487248E-02
2.4637569736820495E-02
2.4212468663316215E-02
2.3395482699738169E-02
2.2386181986712803E-02
2.3647445520758027E-02
2.0352489764003397E-02
2.3536085177388765E-02
1.8748812136156544E-02
1.8092615661761045E-02
2.7367921169566510E-02
1.3511244294494084E-02
1.8461061739874746E-02
2.2234576222883218E-02
1.7829342461491499E-02
1.5995938753440325E-02
1.9598874186247273E-02
1.5392713988684968E-02
1.7803564497791243E-02
1.5507417462107114E-02
1.4531658328389714E-02
1.7823071148372931E-02
1.4772200790640795E-02
1.3785416391342262E-02
1.3328308990484145E-02
1.3451096856422807E-02
1.3666365506222050E-02
1.3890508285389803E-02
1.4037527174345563E-02
1.3825151883001619E-02
1.3302678095450075E-02
1.2815878935588609E-02
1.1357014204876581E-02
9.4281764621640517E-03
1.1299539160235296E-02
1.4287991380564352E-02
1.0012492011147090E-02
7.1566954123678528E-03
1.4846464267094243E-02
4.8180071388383514E-03
1.5686196189192904E-02
7.7458141847987138E-03
9.8086701550584906E-03
8.5772194106917277E-03
7.4975534897153938E-03
1.1760372026097518E-02
7.0177045316108851E-03
8.8044770443705244E-03
8.4115082843605297E-03
7.4452169817359115E-03
7.8434481131566033E-03
8.0093945461246572E-03
7.2629560784874102E-03
8.8902219888152018E-03
6.7912416738037393E-03
6.3621519537545501E-03
6.9380057991533291E-03
6.7229050643112659E-03
6.3375514612652468E-03
6.1861280978169871E-03
6.0906374823266694E-03
5.9725407090597850E-03
6.0833476858717615E-03
5.7834456453659672E-03
5.9493971532566274E-03
6.0117897489042390E-03
5.4348621492396670E-03
6.1411059247714894E-03
4.4907492671785532E-03
4.4312986748073239E-03
4.3534579228885033E-03
4.7032776099755697E-03
4.8408474932833514E-03
4.8202338730246640E-03
4.9475325737406844E-03
4.8052894682793050E-03
4.7330019292840799E-03
4.4763617269741500E-03
4.1428097046761004E-03
3.9267840387040174E-03
3.8370733752012970E-03
3.7689719144147907E-03
4.0620011918665877E-03
1.9197392116996526E-03
8.4212070444008105E-04
4.9193542316464797E-03
3.7066614583188737E-03
3.8081000565397078E-03
4.2041290793039272E-03
1.9023459529969615E-03
6.3810530196570471E-03
2.4877111902705130E-03
4.3195427482166951E-04
6.8298155998407191E-03
1.4544297660274742E-03
2.0062542023688251E-03
1.8678900505314201E-03
7.1777646071047080E-04
4.5310240616778510E-03
1.3575963446195557E-03
2.6663508955985802E-03
3.3142508546276819E-03
3.3087063523234896E-03
2.6240779910462831E-03
2.7086383860668983E-03
2.8093437276292630E-03
1.3911629194388658E-03
2.4651574944279777E-03
1.8475008086344150E-03
2.6400733688510024E-03
1.0810789196205185E-03
3.3655617769400139E-04
9.2336133391543332E-04
2.0194740527787101E-03
2.7514844280869914E-03
2.1932833025689394E-03
2.4039758040575454E-03
1.3004162355128321E-03
4.9482109987213628E-04
0.0000000000000000E+00
0.0000000000000000E+00
0.0000000000000000E+00
4.8884012942562068E-03
2.7767253322025800E-03
5.2647359862302671E-03
2.9771786441379977E-03
7.4687470069725479E-04
4.6160368508071405E-03
7.9523543939526110E-04
8.7481554915838156E-04
9.0306049633248392E-04
8.4215493025646714E-04
7.9383660063141713E-04
7.9931635447052921E-04
8.1250824726124152E-04
8.5566340217130765E-04
8.4024963107042915E-04
8.4665009017426791E-04
8.0569186386649351E-04
7.7190560611096093E-04
6.9327546373380508E-04
6.0661045901373907E-04
5.1824923499069555E-04
4.3892258715177876E-04
4.7999206931718865E-04
6.5252968799571519E-04
6.3118007193544074E-04
7.0422969405633455E-04
4.6896619228735929E-04
3.0238722763738812E-03
1.6916852643612580E-03
1.1508966042199848E-03
9.8839849106476148E-04
1.0308345461693923E-03
7.4792836963989511E-04
6.3818071481416415E-04
5.7589612640147729E-04
5.7903426491980601E-04
2.3970698436175512E-04
6.5232946198430844E-04
2.8326129373663293E-04
0.0000000000000000E+00
0.0000000000000000E+00
0.0000000000000000E+00
0.0000000000000000E+00
0.0000000000000000E+00
0.0000000000000000E+00
0.0000000000000000E+00
0.0000000000000000E+00
0.0000000000000000E+00
0.0000000000000000E+00
0.0000000000000000E+00
0.0000000000000000E+00
0.0000000000000000E+00
0.0000000000000000E+00
0.0000000000000000E+00
0.0000000000000000E+00
0.0000000000000000E+00
0.0000000000000000E+00
0.0000000000000000E+00
0.0000000000000000E+00
0.0000000000000000E+00
0.0000000000000000E+00
0.0000000000000000E+00
0.0000000000000000E+00
0.0000000000000000E+00
0.0000000000000000E+00
0.0000000000000000E+00
0.0000000000000000E+00
0.0000000000000000E+00
0.0000000000000000E+00
0.0000000000000000E+00
0.0000000000000000E+00
8.7841319474417212E-01
